***************************************************************************

Programa para Análise de estruturas reticuladas em regime elástico

Autor: Rafaela Bernardes Rabelo
Última alteração: Setembro / 2020

***************************************************************************

Tipo de estrutura: Tipo de elemento: EP-RQ4

Número de nós:                        8
Número de materiais:                  1
Número de seções transversais:        1
Número de elementos:                  3
Número de apoios:                     2
Número de nós carregados:             2
Número de propriedades dos materiais: 3
Número de propriedades geometricas:   1
Número de nos dos elementos:          4
Número de elementos carregados:       1

Coordenadas dos nós:
  Nó       X          Y
  1        0.0        0.0
  2        0.0        0.4
  3        0.4        0.0
  4        0.4        0.4
  5        0.8        0.0
  6        0.8        0.4
  7        1.2        0.0
  8        1.2        0.4

Propriedades dos materiais:
 Mat         E                Poisson          alfa
  1      25000000.0             0.2             0.0

Propriedades das seções:
 Sec         t
  1         4.00

Propriedades dos elementos:
 El   Nó 1  Nó 2  Nó 3  Nó 4   Mat   Sec
  1     1     3     4     2     1     1
  2     3     5     6     4     1     1
  3     5     7     8     6     1     1

Condições de apoio:
 Ap    no    rtx   rty
  1     1     1     0
  2     2     1     1

Cargas nos elementos:
  Id   nó   sistema   qx_1     qy_1     qx_2     qy_2    qx_3     qy_3     qx_4     qy_4
  1     3    local    0.000    0.000    2.000    0.000    0.000    0.000    0.000    0.000

Cargas nos nós:
 Id    nó       Fx         Fy
  1     7      1.000      0.000
  2     8      1.000      0.000

 Número de equações (neq):    13 

 Graus de Liberdade da estrutura:
***************************************
  0     1   
  0     0   
  2     3   
  4     5   
  6     7   
  8     9   
 10    11   
 12    13   

Matriz de rigidez da estrutura
********************************

Elemento 1:
****************
E =   25000000.0000
nu =          0.2000
t =          4.0000
a =          0.2000    b =          0.2000
cs =          1.0000  sn =          0.0000

Matriz de rigidez do elemento 1 no sistema local:
    50925925.9259    17361111.1111   -30092592.5926    -3472222.2222   -25462962.9630   -17361111.1111     4629629.6296     3472222.2222
    17361111.1111    50925925.9259     3472222.2222     4629629.6296   -17361111.1111   -25462962.9630    -3472222.2222   -30092592.5926
   -30092592.5926     3472222.2222    50925925.9259   -17361111.1111     4629629.6296    -3472222.2222   -25462962.9630    17361111.1111
    -3472222.2222     4629629.6296   -17361111.1111    50925925.9259     3472222.2222   -30092592.5926    17361111.1111   -25462962.9630
   -25462962.9630   -17361111.1111     4629629.6296     3472222.2222    50925925.9259    17361111.1111   -30092592.5926    -3472222.2222
   -17361111.1111   -25462962.9630    -3472222.2222   -30092592.5926    17361111.1111    50925925.9259     3472222.2222     4629629.6296
     4629629.6296    -3472222.2222   -25462962.9630    17361111.1111   -30092592.5926     3472222.2222    50925925.9259   -17361111.1111
     3472222.2222   -30092592.5926    17361111.1111   -25462962.9630    -3472222.2222     4629629.6296   -17361111.1111    50925925.9259

Matriz de rotação do elemento 1:
           1.0000           0.0000           0.0000           0.0000           0.0000           0.0000           0.0000           0.0000
          -0.0000           1.0000           0.0000           0.0000           0.0000           0.0000           0.0000           0.0000
           0.0000           0.0000           1.0000           0.0000           0.0000           0.0000           0.0000           0.0000
           0.0000           0.0000          -0.0000           1.0000           0.0000           0.0000           0.0000           0.0000
           0.0000           0.0000           0.0000           0.0000           1.0000           0.0000           0.0000           0.0000
           0.0000           0.0000           0.0000           0.0000          -0.0000           1.0000           0.0000           0.0000
           0.0000           0.0000           0.0000           0.0000           0.0000           0.0000           1.0000           0.0000
           0.0000           0.0000           0.0000           0.0000           0.0000           0.0000          -0.0000           1.0000

Matriz de rigidez do elemento 1 (global):
    50925925.9259    17361111.1111   -30092592.5926    -3472222.2222   -25462962.9630   -17361111.1111     4629629.6296     3472222.2222
    17361111.1111    50925925.9259     3472222.2222     4629629.6296   -17361111.1111   -25462962.9630    -3472222.2222   -30092592.5926
   -30092592.5926     3472222.2222    50925925.9259   -17361111.1111     4629629.6296    -3472222.2222   -25462962.9630    17361111.1111
    -3472222.2222     4629629.6296   -17361111.1111    50925925.9259     3472222.2222   -30092592.5926    17361111.1111   -25462962.9630
   -25462962.9630   -17361111.1111     4629629.6296     3472222.2222    50925925.9259    17361111.1111   -30092592.5926    -3472222.2222
   -17361111.1111   -25462962.9630    -3472222.2222   -30092592.5926    17361111.1111    50925925.9259     3472222.2222     4629629.6296
     4629629.6296    -3472222.2222   -25462962.9630    17361111.1111   -30092592.5926     3472222.2222    50925925.9259   -17361111.1111
     3472222.2222   -30092592.5926    17361111.1111   -25462962.9630    -3472222.2222     4629629.6296   -17361111.1111    50925925.9259

Graus de liberdade do elemento 1:
  0  1  2  3  4  5  0  0

Matriz de rigidez da estrutura após computar a contribução do elemento 1:
    50925925.9259     3472222.2222     4629629.6296   -17361111.1111   -25462962.9630           0.0000           0.0000           0.0000           0.0000           0.0000           0.0000           0.0000           0.0000
     3472222.2222    50925925.9259   -17361111.1111     4629629.6296    -3472222.2222           0.0000           0.0000           0.0000           0.0000           0.0000           0.0000           0.0000           0.0000
     4629629.6296   -17361111.1111    50925925.9259     3472222.2222   -30092592.5926           0.0000           0.0000           0.0000           0.0000           0.0000           0.0000           0.0000           0.0000
   -17361111.1111     4629629.6296     3472222.2222    50925925.9259    17361111.1111           0.0000           0.0000           0.0000           0.0000           0.0000           0.0000           0.0000           0.0000
   -25462962.9630    -3472222.2222   -30092592.5926    17361111.1111    50925925.9259           0.0000           0.0000           0.0000           0.0000           0.0000           0.0000           0.0000           0.0000
           0.0000           0.0000           0.0000           0.0000           0.0000           0.0000           0.0000           0.0000           0.0000           0.0000           0.0000           0.0000           0.0000
           0.0000           0.0000           0.0000           0.0000           0.0000           0.0000           0.0000           0.0000           0.0000           0.0000           0.0000           0.0000           0.0000
           0.0000           0.0000           0.0000           0.0000           0.0000           0.0000           0.0000           0.0000           0.0000           0.0000           0.0000           0.0000           0.0000
           0.0000           0.0000           0.0000           0.0000           0.0000           0.0000           0.0000           0.0000           0.0000           0.0000           0.0000           0.0000           0.0000
           0.0000           0.0000           0.0000           0.0000           0.0000           0.0000           0.0000           0.0000           0.0000           0.0000           0.0000           0.0000           0.0000
           0.0000           0.0000           0.0000           0.0000           0.0000           0.0000           0.0000           0.0000           0.0000           0.0000           0.0000           0.0000           0.0000
           0.0000           0.0000           0.0000           0.0000           0.0000           0.0000           0.0000           0.0000           0.0000           0.0000           0.0000           0.0000           0.0000
           0.0000           0.0000           0.0000           0.0000           0.0000           0.0000           0.0000           0.0000           0.0000           0.0000           0.0000           0.0000           0.0000

Elemento 2:
****************
E =   25000000.0000
nu =          0.2000
t =          4.0000
a =          0.2000    b =          0.2000
cs =          1.0000  sn =          0.0000

Matriz de rigidez do elemento 2 no sistema local:
    50925925.9259    17361111.1111   -30092592.5926    -3472222.2222   -25462962.9630   -17361111.1111     4629629.6296     3472222.2222
    17361111.1111    50925925.9259     3472222.2222     4629629.6296   -17361111.1111   -25462962.9630    -3472222.2222   -30092592.5926
   -30092592.5926     3472222.2222    50925925.9259   -17361111.1111     4629629.6296    -3472222.2222   -25462962.9630    17361111.1111
    -3472222.2222     4629629.6296   -17361111.1111    50925925.9259     3472222.2222   -30092592.5926    17361111.1111   -25462962.9630
   -25462962.9630   -17361111.1111     4629629.6296     3472222.2222    50925925.9259    17361111.1111   -30092592.5926    -3472222.2222
   -17361111.1111   -25462962.9630    -3472222.2222   -30092592.5926    17361111.1111    50925925.9259     3472222.2222     4629629.6296
     4629629.6296    -3472222.2222   -25462962.9630    17361111.1111   -30092592.5926     3472222.2222    50925925.9259   -17361111.1111
     3472222.2222   -30092592.5926    17361111.1111   -25462962.9630    -3472222.2222     4629629.6296   -17361111.1111    50925925.9259

Matriz de rotação do elemento 2:
           1.0000           0.0000           0.0000           0.0000           0.0000           0.0000           0.0000           0.0000
          -0.0000           1.0000           0.0000           0.0000           0.0000           0.0000           0.0000           0.0000
           0.0000           0.0000           1.0000           0.0000           0.0000           0.0000           0.0000           0.0000
           0.0000           0.0000          -0.0000           1.0000           0.0000           0.0000           0.0000           0.0000
           0.0000           0.0000           0.0000           0.0000           1.0000           0.0000           0.0000           0.0000
           0.0000           0.0000           0.0000           0.0000          -0.0000           1.0000           0.0000           0.0000
           0.0000           0.0000           0.0000           0.0000           0.0000           0.0000           1.0000           0.0000
           0.0000           0.0000           0.0000           0.0000           0.0000           0.0000          -0.0000           1.0000

Matriz de rigidez do elemento 2 (global):
    50925925.9259    17361111.1111   -30092592.5926    -3472222.2222   -25462962.9630   -17361111.1111     4629629.6296     3472222.2222
    17361111.1111    50925925.9259     3472222.2222     4629629.6296   -17361111.1111   -25462962.9630    -3472222.2222   -30092592.5926
   -30092592.5926     3472222.2222    50925925.9259   -17361111.1111     4629629.6296    -3472222.2222   -25462962.9630    17361111.1111
    -3472222.2222     4629629.6296   -17361111.1111    50925925.9259     3472222.2222   -30092592.5926    17361111.1111   -25462962.9630
   -25462962.9630   -17361111.1111     4629629.6296     3472222.2222    50925925.9259    17361111.1111   -30092592.5926    -3472222.2222
   -17361111.1111   -25462962.9630    -3472222.2222   -30092592.5926    17361111.1111    50925925.9259     3472222.2222     4629629.6296
     4629629.6296    -3472222.2222   -25462962.9630    17361111.1111   -30092592.5926     3472222.2222    50925925.9259   -17361111.1111
     3472222.2222   -30092592.5926    17361111.1111   -25462962.9630    -3472222.2222     4629629.6296   -17361111.1111    50925925.9259

Graus de liberdade do elemento 2:
  2  3  6  7  8  9  4  5

Matriz de rigidez da estrutura após computar a contribução do elemento 2:
    50925925.9259     3472222.2222     4629629.6296   -17361111.1111   -25462962.9630           0.0000           0.0000           0.0000           0.0000           0.0000           0.0000           0.0000           0.0000
     3472222.2222   101851851.8519           0.0000     9259259.2593           0.0000   -30092592.5926    -3472222.2222   -25462962.9630   -17361111.1111           0.0000           0.0000           0.0000           0.0000
     4629629.6296           0.0000   101851851.8519           0.0000   -60185185.1852     3472222.2222     4629629.6296   -17361111.1111   -25462962.9630           0.0000           0.0000           0.0000           0.0000
   -17361111.1111     9259259.2593           0.0000   101851851.8519           0.0000   -25462962.9630    17361111.1111   -30092592.5926     3472222.2222           0.0000           0.0000           0.0000           0.0000
   -25462962.9630           0.0000   -60185185.1852           0.0000   101851851.8519    17361111.1111   -25462962.9630    -3472222.2222     4629629.6296           0.0000           0.0000           0.0000           0.0000
           0.0000   -30092592.5926     3472222.2222   -25462962.9630    17361111.1111    50925925.9259   -17361111.1111     4629629.6296    -3472222.2222           0.0000           0.0000           0.0000           0.0000
           0.0000    -3472222.2222     4629629.6296    17361111.1111   -25462962.9630   -17361111.1111    50925925.9259     3472222.2222   -30092592.5926           0.0000           0.0000           0.0000           0.0000
           0.0000   -25462962.9630   -17361111.1111   -30092592.5926    -3472222.2222     4629629.6296     3472222.2222    50925925.9259    17361111.1111           0.0000           0.0000           0.0000           0.0000
           0.0000   -17361111.1111   -25462962.9630     3472222.2222     4629629.6296    -3472222.2222   -30092592.5926    17361111.1111    50925925.9259           0.0000           0.0000           0.0000           0.0000
           0.0000           0.0000           0.0000           0.0000           0.0000           0.0000           0.0000           0.0000           0.0000           0.0000           0.0000           0.0000           0.0000
           0.0000           0.0000           0.0000           0.0000           0.0000           0.0000           0.0000           0.0000           0.0000           0.0000           0.0000           0.0000           0.0000
           0.0000           0.0000           0.0000           0.0000           0.0000           0.0000           0.0000           0.0000           0.0000           0.0000           0.0000           0.0000           0.0000
           0.0000           0.0000           0.0000           0.0000           0.0000           0.0000           0.0000           0.0000           0.0000           0.0000           0.0000           0.0000           0.0000

Elemento 3:
****************
E =   25000000.0000
nu =          0.2000
t =          4.0000
a =          0.2000    b =          0.2000
cs =          1.0000  sn =          0.0000

Matriz de rigidez do elemento 3 no sistema local:
    50925925.9259    17361111.1111   -30092592.5926    -3472222.2222   -25462962.9630   -17361111.1111     4629629.6296     3472222.2222
    17361111.1111    50925925.9259     3472222.2222     4629629.6296   -17361111.1111   -25462962.9630    -3472222.2222   -30092592.5926
   -30092592.5926     3472222.2222    50925925.9259   -17361111.1111     4629629.6296    -3472222.2222   -25462962.9630    17361111.1111
    -3472222.2222     4629629.6296   -17361111.1111    50925925.9259     3472222.2222   -30092592.5926    17361111.1111   -25462962.9630
   -25462962.9630   -17361111.1111     4629629.6296     3472222.2222    50925925.9259    17361111.1111   -30092592.5926    -3472222.2222
   -17361111.1111   -25462962.9630    -3472222.2222   -30092592.5926    17361111.1111    50925925.9259     3472222.2222     4629629.6296
     4629629.6296    -3472222.2222   -25462962.9630    17361111.1111   -30092592.5926     3472222.2222    50925925.9259   -17361111.1111
     3472222.2222   -30092592.5926    17361111.1111   -25462962.9630    -3472222.2222     4629629.6296   -17361111.1111    50925925.9259

Matriz de rotação do elemento 3:
           1.0000           0.0000           0.0000           0.0000           0.0000           0.0000           0.0000           0.0000
          -0.0000           1.0000           0.0000           0.0000           0.0000           0.0000           0.0000           0.0000
           0.0000           0.0000           1.0000           0.0000           0.0000           0.0000           0.0000           0.0000
           0.0000           0.0000          -0.0000           1.0000           0.0000           0.0000           0.0000           0.0000
           0.0000           0.0000           0.0000           0.0000           1.0000           0.0000           0.0000           0.0000
           0.0000           0.0000           0.0000           0.0000          -0.0000           1.0000           0.0000           0.0000
           0.0000           0.0000           0.0000           0.0000           0.0000           0.0000           1.0000           0.0000
           0.0000           0.0000           0.0000           0.0000           0.0000           0.0000          -0.0000           1.0000

Matriz de rigidez do elemento 3 (global):
    50925925.9259    17361111.1111   -30092592.5926    -3472222.2222   -25462962.9630   -17361111.1111     4629629.6296     3472222.2222
    17361111.1111    50925925.9259     3472222.2222     4629629.6296   -17361111.1111   -25462962.9630    -3472222.2222   -30092592.5926
   -30092592.5926     3472222.2222    50925925.9259   -17361111.1111     4629629.6296    -3472222.2222   -25462962.9630    17361111.1111
    -3472222.2222     4629629.6296   -17361111.1111    50925925.9259     3472222.2222   -30092592.5926    17361111.1111   -25462962.9630
   -25462962.9630   -17361111.1111     4629629.6296     3472222.2222    50925925.9259    17361111.1111   -30092592.5926    -3472222.2222
   -17361111.1111   -25462962.9630    -3472222.2222   -30092592.5926    17361111.1111    50925925.9259     3472222.2222     4629629.6296
     4629629.6296    -3472222.2222   -25462962.9630    17361111.1111   -30092592.5926     3472222.2222    50925925.9259   -17361111.1111
     3472222.2222   -30092592.5926    17361111.1111   -25462962.9630    -3472222.2222     4629629.6296   -17361111.1111    50925925.9259

Graus de liberdade do elemento 3:
  6  7  10  11  12  13  8  9

Matriz de rigidez da estrutura após computar a contribução do elemento 3:
    50925925.9259     3472222.2222     4629629.6296   -17361111.1111   -25462962.9630           0.0000           0.0000           0.0000           0.0000           0.0000           0.0000           0.0000           0.0000
     3472222.2222   101851851.8519           0.0000     9259259.2593           0.0000   -30092592.5926    -3472222.2222   -25462962.9630   -17361111.1111           0.0000           0.0000           0.0000           0.0000
     4629629.6296           0.0000   101851851.8519           0.0000   -60185185.1852     3472222.2222     4629629.6296   -17361111.1111   -25462962.9630           0.0000           0.0000           0.0000           0.0000
   -17361111.1111     9259259.2593           0.0000   101851851.8519           0.0000   -25462962.9630    17361111.1111   -30092592.5926     3472222.2222           0.0000           0.0000           0.0000           0.0000
   -25462962.9630           0.0000   -60185185.1852           0.0000   101851851.8519    17361111.1111   -25462962.9630    -3472222.2222     4629629.6296           0.0000           0.0000           0.0000           0.0000
           0.0000   -30092592.5926     3472222.2222   -25462962.9630    17361111.1111   101851851.8519           0.0000     9259259.2593           0.0000   -30092592.5926    -3472222.2222   -25462962.9630   -17361111.1111
           0.0000    -3472222.2222     4629629.6296    17361111.1111   -25462962.9630           0.0000   101851851.8519           0.0000   -60185185.1852     3472222.2222     4629629.6296   -17361111.1111   -25462962.9630
           0.0000   -25462962.9630   -17361111.1111   -30092592.5926    -3472222.2222     9259259.2593           0.0000   101851851.8519           0.0000   -25462962.9630    17361111.1111   -30092592.5926     3472222.2222
           0.0000   -17361111.1111   -25462962.9630     3472222.2222     4629629.6296           0.0000   -60185185.1852           0.0000   101851851.8519    17361111.1111   -25462962.9630    -3472222.2222     4629629.6296
           0.0000           0.0000           0.0000           0.0000           0.0000   -30092592.5926     3472222.2222   -25462962.9630    17361111.1111    50925925.9259   -17361111.1111     4629629.6296    -3472222.2222
           0.0000           0.0000           0.0000           0.0000           0.0000    -3472222.2222     4629629.6296    17361111.1111   -25462962.9630   -17361111.1111    50925925.9259     3472222.2222   -30092592.5926
           0.0000           0.0000           0.0000           0.0000           0.0000   -25462962.9630   -17361111.1111   -30092592.5926    -3472222.2222     4629629.6296     3472222.2222    50925925.9259    17361111.1111
           0.0000           0.0000           0.0000           0.0000           0.0000   -17361111.1111   -25462962.9630     3472222.2222     4629629.6296    -3472222.2222   -30092592.5926    17361111.1111    50925925.9259

********************************
Vetor de forças da estrutura
********************************

Elemento 3:
****************
Carregamento no Sistema Local:0
qx_1 =          0.0000    qy_1 =          0.0000
qx_2 =          2.0000    qy_2 =          0.0000
qx_3 =          0.0000    qy_3 =          0.0000
qx_4 =          0.0000    qy_4 =          0.0000
   0.000000   0.000000   2.000000   0.000000   0.000000   0.000000   0.000000   0.000000
a =          0.2000

b =          0.2000
c(1)=          1.0000    c(2)=          0.0000

Vetor de forças equivalentes do elemento 3 (local):
        0.0000
        0.0000
        1.6000
        0.0000
        1.6000
        0.0000
        0.0000
        0.0000

Matriz de rotação do elemento 3:
           1.0000           0.0000           0.0000           0.0000           0.0000           0.0000           0.0000           0.0000
          -0.0000           1.0000           0.0000           0.0000           0.0000           0.0000           0.0000           0.0000
           0.0000           0.0000           1.0000           0.0000           0.0000           0.0000           0.0000           0.0000
           0.0000           0.0000          -0.0000           1.0000           0.0000           0.0000           0.0000           0.0000
           0.0000           0.0000           0.0000           0.0000           1.0000           0.0000           0.0000           0.0000
           0.0000           0.0000           0.0000           0.0000          -0.0000           1.0000           0.0000           0.0000
           0.0000           0.0000           0.0000           0.0000           0.0000           0.0000           1.0000           0.0000
           0.0000           0.0000           0.0000           0.0000           0.0000           0.0000          -0.0000           1.0000

Vetor de forças do elemento 3 (global):

Festr após computar a contribuição das cargas aplicadas nos nós:
           0.0000
           0.0000
           0.0000
           0.0000
           0.0000
           0.0000
           0.0000
           0.0000
           0.0000
           2.6000
           0.0000
           2.6000
           0.0000
           0.0000
           0.0000
           1.6000
           0.0000
           1.6000
           0.0000
           0.0000
           0.0000

Graus de liberdade do elemento 3:
  6  7  10  11  12  13  8  9

Vetor de forças da estrutura após computar a contribuição do elemento 3:
           0.0000
           0.0000
           0.0000
           0.0000
           0.0000
           0.0000
           0.0000
           0.0000
           0.0000
           2.6000
           0.0000
           2.6000
           0.0000

Deslocamentos Nodais:
Nó      Ux         Uy
  1           0.0000e+00           1.2480e-08
  2           0.0000e+00           0.0000e+00
  3           4.9920e-08           1.2480e-08
  4           4.9920e-08          -7.2823e-23
  5           9.9840e-08           1.2480e-08
  6           9.9840e-08          -2.6391e-22
  7           1.4976e-07           1.2480e-08
  8           1.4976e-07          -5.3648e-22

Cálculo dos esforços
**********************
E =   25000000.0000
nu =          0.2000
t =          4.0000
a =          0.2000
b =          0.2000

Forças de extremidade do elemento 1 sem cargas equivalentes:

          -2.6000
          -0.0000
           2.6000
          -0.0000
           2.6000
          -0.0000
          -2.6000
           0.0000

Forças de extremidade do elemento 1 com forças equivalentes nodais (Fel):
          -2.6000
          -0.0000
           2.6000
          -0.0000
           2.6000
          -0.0000
          -2.6000
           0.0000
E =   25000000.0000
nu =          0.2000
t =          4.0000
a =          0.2000
b =          0.2000

Forças de extremidade do elemento 2 sem cargas equivalentes:

          -2.6000
           0.0000
           2.6000
          -0.0000
           2.6000
          -0.0000
          -2.6000
           0.0000

Forças de extremidade do elemento 2 com forças equivalentes nodais (Fel):
          -2.6000
           0.0000
           2.6000
          -0.0000
           2.6000
          -0.0000
          -2.6000
           0.0000
E =   25000000.0000
nu =          0.2000
t =          4.0000
a =          0.2000
b =          0.2000
Carregamento no Sistema Local: 
qx_1 =          0.0000    qy_1 =          0.0000
qx_2 =          0.0000    qy_2 =          0.0000
qx_3 =          0.0000    qy_3 =          0.0000
qx_4 =          0.0000    qy_4 =          0.0000

Forças de extremidade do elemento 3 sem cargas equivalentes:

          -2.6000
          -0.0000
           2.6000
           0.0000
           2.6000
           0.0000
          -2.6000
           0.0000

Forças de extremidade do elemento 3 com forças equivalentes nodais (Fel):
          -2.6000
          -0.0000
           2.6000
           0.0000
           2.6000
           0.0000
          -2.6000
           0.0000


Esforços solicitantes da estrutura:

--->> No elemento 1:
Deformações: 
        Epsilon x        Epsilon y        Gama xy
       1.24800e-07      -3.12000e-08      -2.48544e-23
Tensões: 
         Sigma x        Sigma y        Tau xy
       3.25000e+00             00000      -2.58900e-16

--->> No elemento 2:
Deformações: 
        Epsilon x        Epsilon y        Gama xy
       1.24800e-07      -3.12000e-08      -4.13201e-23
Tensões: 
         Sigma x        Sigma y        Tau xy
       3.25000e+00             00000      -4.30418e-16

--->> No elemento 3:
Deformações: 
        Epsilon x        Epsilon y        Gama xy
       1.24800e-07      -3.12000e-08       3.87166e-23
Tensões: 
         Sigma x        Sigma y        Tau xy
       3.25000e+00      -1.11022e-16       4.03298e-16
