***************************************************************************

Programa para Análise de estruturas reticuladas em regime elástico

Autor: Rafaela Bernardes Rabelo
Última alteração: Setembro / 2020

***************************************************************************

Tipo de estrutura: Tipo de elemento: EP-RQ4

Número de nós:                        8
Número de materiais:                  1
Número de seções transversais:        1
Número de elementos:                  3
Número de apoios:                     2
Número de nós carregados:             2
Número de propriedades dos materiais: 3
Número de propriedades geometricas:   1
Número de nos dos elementos:          4
Número de elementos carregados:       1

Coordenadas dos nós:
  Nó       X          Y
  1        0.0        0.0
  2        0.0        0.4
  3        0.4        0.0
  4        0.4        0.4
  5        0.8        0.0
  6        0.8        0.4
  7        1.2        0.0
  8        1.2        0.4

Propriedades dos materiais:
 Mat         E                Poisson          alfa
  1      25000000.0             0.2             0.0

Propriedades das seções:
 Sec         t
  1         0.20

Propriedades dos elementos:
 El   Nó 1  Nó 2  Nó 3  Nó 4   Mat   Sec
  1     1     3     4     2     1     1
  2     3     5     6     4     1     1
  3     5     7     8     6     1     1

Condições de apoio:
 Ap    no    rtx   rty
  1     1     1     0
  2     2     1     1

Cargas nos elementos:
  Id   nó   sistema   qx_1     qy_1     qx_2     qy_2    qx_3     qy_3     qx_4     qy_4
  1     3    local    0.000    0.000    2.000    0.000    0.000    0.000    0.000    0.000

Cargas nos nós:
 Id    nó       Fx         Fy
  1     7      1.000      0.000
  2     8      1.000      0.000

 Número de equações (neq):    13 

 Graus de Liberdade da estrutura:
***************************************
  0     1   
  0     0   
  2     3   
  4     5   
  6     7   
  8     9   
 10    11   
 12    13   

Matriz de rigidez da estrutura
********************************

Elemento 1:
****************
E =   25000000.0000
nu =          0.2000
t =          0.2000
a =          0.2000    b =          0.2000
cs =          1.0000  sn =          0.0000

Matriz de rigidez do elemento 1 no sistema local:
     2430555.5556      781250.0000    -1388888.8889     -260416.6667    -1215277.7778     -781250.0000      173611.1111      260416.6667
      781250.0000     2430555.5556      260416.6667      173611.1111     -781250.0000    -1215277.7778     -260416.6667    -1388888.8889
    -1388888.8889      260416.6667     2430555.5556     -781250.0000      173611.1111     -260416.6667    -1215277.7778      781250.0000
     -260416.6667      173611.1111     -781250.0000     2430555.5556      260416.6667    -1388888.8889      781250.0000    -1215277.7778
    -1215277.7778     -781250.0000      173611.1111      260416.6667     2430555.5556      781250.0000    -1388888.8889     -260416.6667
     -781250.0000    -1215277.7778     -260416.6667    -1388888.8889      781250.0000     2430555.5556      260416.6667      173611.1111
      173611.1111     -260416.6667    -1215277.7778      781250.0000    -1388888.8889      260416.6667     2430555.5556     -781250.0000
      260416.6667    -1388888.8889      781250.0000    -1215277.7778     -260416.6667      173611.1111     -781250.0000     2430555.5556

Matriz de rotação do elemento 1:
           1.0000           0.0000           0.0000           0.0000           0.0000           0.0000           0.0000           0.0000
          -0.0000           1.0000           0.0000           0.0000           0.0000           0.0000           0.0000           0.0000
           0.0000           0.0000           1.0000           0.0000           0.0000           0.0000           0.0000           0.0000
           0.0000           0.0000          -0.0000           1.0000           0.0000           0.0000           0.0000           0.0000
           0.0000           0.0000           0.0000           0.0000           1.0000           0.0000           0.0000           0.0000
           0.0000           0.0000           0.0000           0.0000          -0.0000           1.0000           0.0000           0.0000
           0.0000           0.0000           0.0000           0.0000           0.0000           0.0000           1.0000           0.0000
           0.0000           0.0000           0.0000           0.0000           0.0000           0.0000          -0.0000           1.0000

Matriz de rigidez do elemento 1 (global):
     2430555.5556      781250.0000    -1388888.8889     -260416.6667    -1215277.7778     -781250.0000      173611.1111      260416.6667
      781250.0000     2430555.5556      260416.6667      173611.1111     -781250.0000    -1215277.7778     -260416.6667    -1388888.8889
    -1388888.8889      260416.6667     2430555.5556     -781250.0000      173611.1111     -260416.6667    -1215277.7778      781250.0000
     -260416.6667      173611.1111     -781250.0000     2430555.5556      260416.6667    -1388888.8889      781250.0000    -1215277.7778
    -1215277.7778     -781250.0000      173611.1111      260416.6667     2430555.5556      781250.0000    -1388888.8889     -260416.6667
     -781250.0000    -1215277.7778     -260416.6667    -1388888.8889      781250.0000     2430555.5556      260416.6667      173611.1111
      173611.1111     -260416.6667    -1215277.7778      781250.0000    -1388888.8889      260416.6667     2430555.5556     -781250.0000
      260416.6667    -1388888.8889      781250.0000    -1215277.7778     -260416.6667      173611.1111     -781250.0000     2430555.5556

Graus de liberdade do elemento 1:
  0  1  2  3  4  5  0  0

Matriz de rigidez da estrutura após computar a contribução do elemento 1:
     2430555.5556      260416.6667      173611.1111     -781250.0000    -1215277.7778           0.0000           0.0000           0.0000           0.0000           0.0000           0.0000           0.0000           0.0000
      260416.6667     2430555.5556     -781250.0000      173611.1111     -260416.6667           0.0000           0.0000           0.0000           0.0000           0.0000           0.0000           0.0000           0.0000
      173611.1111     -781250.0000     2430555.5556      260416.6667    -1388888.8889           0.0000           0.0000           0.0000           0.0000           0.0000           0.0000           0.0000           0.0000
     -781250.0000      173611.1111      260416.6667     2430555.5556      781250.0000           0.0000           0.0000           0.0000           0.0000           0.0000           0.0000           0.0000           0.0000
    -1215277.7778     -260416.6667    -1388888.8889      781250.0000     2430555.5556           0.0000           0.0000           0.0000           0.0000           0.0000           0.0000           0.0000           0.0000
           0.0000           0.0000           0.0000           0.0000           0.0000           0.0000           0.0000           0.0000           0.0000           0.0000           0.0000           0.0000           0.0000
           0.0000           0.0000           0.0000           0.0000           0.0000           0.0000           0.0000           0.0000           0.0000           0.0000           0.0000           0.0000           0.0000
           0.0000           0.0000           0.0000           0.0000           0.0000           0.0000           0.0000           0.0000           0.0000           0.0000           0.0000           0.0000           0.0000
           0.0000           0.0000           0.0000           0.0000           0.0000           0.0000           0.0000           0.0000           0.0000           0.0000           0.0000           0.0000           0.0000
           0.0000           0.0000           0.0000           0.0000           0.0000           0.0000           0.0000           0.0000           0.0000           0.0000           0.0000           0.0000           0.0000
           0.0000           0.0000           0.0000           0.0000           0.0000           0.0000           0.0000           0.0000           0.0000           0.0000           0.0000           0.0000           0.0000
           0.0000           0.0000           0.0000           0.0000           0.0000           0.0000           0.0000           0.0000           0.0000           0.0000           0.0000           0.0000           0.0000
           0.0000           0.0000           0.0000           0.0000           0.0000           0.0000           0.0000           0.0000           0.0000           0.0000           0.0000           0.0000           0.0000

Elemento 2:
****************
E =   25000000.0000
nu =          0.2000
t =          0.2000
a =          0.2000    b =          0.2000
cs =          1.0000  sn =          0.0000

Matriz de rigidez do elemento 2 no sistema local:
     2430555.5556      781250.0000    -1388888.8889     -260416.6667    -1215277.7778     -781250.0000      173611.1111      260416.6667
      781250.0000     2430555.5556      260416.6667      173611.1111     -781250.0000    -1215277.7778     -260416.6667    -1388888.8889
    -1388888.8889      260416.6667     2430555.5556     -781250.0000      173611.1111     -260416.6667    -1215277.7778      781250.0000
     -260416.6667      173611.1111     -781250.0000     2430555.5556      260416.6667    -1388888.8889      781250.0000    -1215277.7778
    -1215277.7778     -781250.0000      173611.1111      260416.6667     2430555.5556      781250.0000    -1388888.8889     -260416.6667
     -781250.0000    -1215277.7778     -260416.6667    -1388888.8889      781250.0000     2430555.5556      260416.6667      173611.1111
      173611.1111     -260416.6667    -1215277.7778      781250.0000    -1388888.8889      260416.6667     2430555.5556     -781250.0000
      260416.6667    -1388888.8889      781250.0000    -1215277.7778     -260416.6667      173611.1111     -781250.0000     2430555.5556

Matriz de rotação do elemento 2:
           1.0000           0.0000           0.0000           0.0000           0.0000           0.0000           0.0000           0.0000
          -0.0000           1.0000           0.0000           0.0000           0.0000           0.0000           0.0000           0.0000
           0.0000           0.0000           1.0000           0.0000           0.0000           0.0000           0.0000           0.0000
           0.0000           0.0000          -0.0000           1.0000           0.0000           0.0000           0.0000           0.0000
           0.0000           0.0000           0.0000           0.0000           1.0000           0.0000           0.0000           0.0000
           0.0000           0.0000           0.0000           0.0000          -0.0000           1.0000           0.0000           0.0000
           0.0000           0.0000           0.0000           0.0000           0.0000           0.0000           1.0000           0.0000
           0.0000           0.0000           0.0000           0.0000           0.0000           0.0000          -0.0000           1.0000

Matriz de rigidez do elemento 2 (global):
     2430555.5556      781250.0000    -1388888.8889     -260416.6667    -1215277.7778     -781250.0000      173611.1111      260416.6667
      781250.0000     2430555.5556      260416.6667      173611.1111     -781250.0000    -1215277.7778     -260416.6667    -1388888.8889
    -1388888.8889      260416.6667     2430555.5556     -781250.0000      173611.1111     -260416.6667    -1215277.7778      781250.0000
     -260416.6667      173611.1111     -781250.0000     2430555.5556      260416.6667    -1388888.8889      781250.0000    -1215277.7778
    -1215277.7778     -781250.0000      173611.1111      260416.6667     2430555.5556      781250.0000    -1388888.8889     -260416.6667
     -781250.0000    -1215277.7778     -260416.6667    -1388888.8889      781250.0000     2430555.5556      260416.6667      173611.1111
      173611.1111     -260416.6667    -1215277.7778      781250.0000    -1388888.8889      260416.6667     2430555.5556     -781250.0000
      260416.6667    -1388888.8889      781250.0000    -1215277.7778     -260416.6667      173611.1111     -781250.0000     2430555.5556

Graus de liberdade do elemento 2:
  2  3  6  7  8  9  4  5

Matriz de rigidez da estrutura após computar a contribução do elemento 2:
     2430555.5556      260416.6667      173611.1111     -781250.0000    -1215277.7778           0.0000           0.0000           0.0000           0.0000           0.0000           0.0000           0.0000           0.0000
      260416.6667     4861111.1111           0.0000      347222.2222           0.0000    -1388888.8889     -260416.6667    -1215277.7778     -781250.0000           0.0000           0.0000           0.0000           0.0000
      173611.1111           0.0000     4861111.1111           0.0000    -2777777.7778      260416.6667      173611.1111     -781250.0000    -1215277.7778           0.0000           0.0000           0.0000           0.0000
     -781250.0000      347222.2222           0.0000     4861111.1111           0.0000    -1215277.7778      781250.0000    -1388888.8889      260416.6667           0.0000           0.0000           0.0000           0.0000
    -1215277.7778           0.0000    -2777777.7778           0.0000     4861111.1111      781250.0000    -1215277.7778     -260416.6667      173611.1111           0.0000           0.0000           0.0000           0.0000
           0.0000    -1388888.8889      260416.6667    -1215277.7778      781250.0000     2430555.5556     -781250.0000      173611.1111     -260416.6667           0.0000           0.0000           0.0000           0.0000
           0.0000     -260416.6667      173611.1111      781250.0000    -1215277.7778     -781250.0000     2430555.5556      260416.6667    -1388888.8889           0.0000           0.0000           0.0000           0.0000
           0.0000    -1215277.7778     -781250.0000    -1388888.8889     -260416.6667      173611.1111      260416.6667     2430555.5556      781250.0000           0.0000           0.0000           0.0000           0.0000
           0.0000     -781250.0000    -1215277.7778      260416.6667      173611.1111     -260416.6667    -1388888.8889      781250.0000     2430555.5556           0.0000           0.0000           0.0000           0.0000
           0.0000           0.0000           0.0000           0.0000           0.0000           0.0000           0.0000           0.0000           0.0000           0.0000           0.0000           0.0000           0.0000
           0.0000           0.0000           0.0000           0.0000           0.0000           0.0000           0.0000           0.0000           0.0000           0.0000           0.0000           0.0000           0.0000
           0.0000           0.0000           0.0000           0.0000           0.0000           0.0000           0.0000           0.0000           0.0000           0.0000           0.0000           0.0000           0.0000
           0.0000           0.0000           0.0000           0.0000           0.0000           0.0000           0.0000           0.0000           0.0000           0.0000           0.0000           0.0000           0.0000

Elemento 3:
****************
E =   25000000.0000
nu =          0.2000
t =          0.2000
a =          0.2000    b =          0.2000
cs =          1.0000  sn =          0.0000

Matriz de rigidez do elemento 3 no sistema local:
     2430555.5556      781250.0000    -1388888.8889     -260416.6667    -1215277.7778     -781250.0000      173611.1111      260416.6667
      781250.0000     2430555.5556      260416.6667      173611.1111     -781250.0000    -1215277.7778     -260416.6667    -1388888.8889
    -1388888.8889      260416.6667     2430555.5556     -781250.0000      173611.1111     -260416.6667    -1215277.7778      781250.0000
     -260416.6667      173611.1111     -781250.0000     2430555.5556      260416.6667    -1388888.8889      781250.0000    -1215277.7778
    -1215277.7778     -781250.0000      173611.1111      260416.6667     2430555.5556      781250.0000    -1388888.8889     -260416.6667
     -781250.0000    -1215277.7778     -260416.6667    -1388888.8889      781250.0000     2430555.5556      260416.6667      173611.1111
      173611.1111     -260416.6667    -1215277.7778      781250.0000    -1388888.8889      260416.6667     2430555.5556     -781250.0000
      260416.6667    -1388888.8889      781250.0000    -1215277.7778     -260416.6667      173611.1111     -781250.0000     2430555.5556

Matriz de rotação do elemento 3:
           1.0000           0.0000           0.0000           0.0000           0.0000           0.0000           0.0000           0.0000
          -0.0000           1.0000           0.0000           0.0000           0.0000           0.0000           0.0000           0.0000
           0.0000           0.0000           1.0000           0.0000           0.0000           0.0000           0.0000           0.0000
           0.0000           0.0000          -0.0000           1.0000           0.0000           0.0000           0.0000           0.0000
           0.0000           0.0000           0.0000           0.0000           1.0000           0.0000           0.0000           0.0000
           0.0000           0.0000           0.0000           0.0000          -0.0000           1.0000           0.0000           0.0000
           0.0000           0.0000           0.0000           0.0000           0.0000           0.0000           1.0000           0.0000
           0.0000           0.0000           0.0000           0.0000           0.0000           0.0000          -0.0000           1.0000

Matriz de rigidez do elemento 3 (global):
     2430555.5556      781250.0000    -1388888.8889     -260416.6667    -1215277.7778     -781250.0000      173611.1111      260416.6667
      781250.0000     2430555.5556      260416.6667      173611.1111     -781250.0000    -1215277.7778     -260416.6667    -1388888.8889
    -1388888.8889      260416.6667     2430555.5556     -781250.0000      173611.1111     -260416.6667    -1215277.7778      781250.0000
     -260416.6667      173611.1111     -781250.0000     2430555.5556      260416.6667    -1388888.8889      781250.0000    -1215277.7778
    -1215277.7778     -781250.0000      173611.1111      260416.6667     2430555.5556      781250.0000    -1388888.8889     -260416.6667
     -781250.0000    -1215277.7778     -260416.6667    -1388888.8889      781250.0000     2430555.5556      260416.6667      173611.1111
      173611.1111     -260416.6667    -1215277.7778      781250.0000    -1388888.8889      260416.6667     2430555.5556     -781250.0000
      260416.6667    -1388888.8889      781250.0000    -1215277.7778     -260416.6667      173611.1111     -781250.0000     2430555.5556

Graus de liberdade do elemento 3:
  6  7  10  11  12  13  8  9

Matriz de rigidez da estrutura após computar a contribução do elemento 3:
     2430555.5556      260416.6667      173611.1111     -781250.0000    -1215277.7778           0.0000           0.0000           0.0000           0.0000           0.0000           0.0000           0.0000           0.0000
      260416.6667     4861111.1111           0.0000      347222.2222           0.0000    -1388888.8889     -260416.6667    -1215277.7778     -781250.0000           0.0000           0.0000           0.0000           0.0000
      173611.1111           0.0000     4861111.1111           0.0000    -2777777.7778      260416.6667      173611.1111     -781250.0000    -1215277.7778           0.0000           0.0000           0.0000           0.0000
     -781250.0000      347222.2222           0.0000     4861111.1111           0.0000    -1215277.7778      781250.0000    -1388888.8889      260416.6667           0.0000           0.0000           0.0000           0.0000
    -1215277.7778           0.0000    -2777777.7778           0.0000     4861111.1111      781250.0000    -1215277.7778     -260416.6667      173611.1111           0.0000           0.0000           0.0000           0.0000
           0.0000    -1388888.8889      260416.6667    -1215277.7778      781250.0000     4861111.1111           0.0000      347222.2222           0.0000    -1388888.8889     -260416.6667    -1215277.7778     -781250.0000
           0.0000     -260416.6667      173611.1111      781250.0000    -1215277.7778           0.0000     4861111.1111           0.0000    -2777777.7778      260416.6667      173611.1111     -781250.0000    -1215277.7778
           0.0000    -1215277.7778     -781250.0000    -1388888.8889     -260416.6667      347222.2222           0.0000     4861111.1111           0.0000    -1215277.7778      781250.0000    -1388888.8889      260416.6667
           0.0000     -781250.0000    -1215277.7778      260416.6667      173611.1111           0.0000    -2777777.7778           0.0000     4861111.1111      781250.0000    -1215277.7778     -260416.6667      173611.1111
           0.0000           0.0000           0.0000           0.0000           0.0000    -1388888.8889      260416.6667    -1215277.7778      781250.0000     2430555.5556     -781250.0000      173611.1111     -260416.6667
           0.0000           0.0000           0.0000           0.0000           0.0000     -260416.6667      173611.1111      781250.0000    -1215277.7778     -781250.0000     2430555.5556      260416.6667    -1388888.8889
           0.0000           0.0000           0.0000           0.0000           0.0000    -1215277.7778     -781250.0000    -1388888.8889     -260416.6667      173611.1111      260416.6667     2430555.5556      781250.0000
           0.0000           0.0000           0.0000           0.0000           0.0000     -781250.0000    -1215277.7778      260416.6667      173611.1111     -260416.6667    -1388888.8889      781250.0000     2430555.5556

********************************
Vetor de forças da estrutura
********************************

Elemento 3:
****************
Carregamento no Sistema Local:0
qx_1 =          0.0000    qy_1 =          0.0000
qx_2 =          2.0000    qy_2 =          0.0000
qx_3 =          0.0000    qy_3 =          0.0000
qx_4 =          0.0000    qy_4 =          0.0000
   0.000000   0.000000   2.000000   0.000000   0.000000   0.000000   0.000000   0.000000
a =          0.2000

b =          0.2000
c(1)=          1.0000    c(2)=          0.0000

Vetor de forças equivalentes do elemento 3 (local):
        0.0000
        0.0000
        0.0800
        0.0000
        0.0800
        0.0000
        0.0000
        0.0000

Matriz de rotação do elemento 3:
           1.0000           0.0000           0.0000           0.0000           0.0000           0.0000           0.0000           0.0000
          -0.0000           1.0000           0.0000           0.0000           0.0000           0.0000           0.0000           0.0000
           0.0000           0.0000           1.0000           0.0000           0.0000           0.0000           0.0000           0.0000
           0.0000           0.0000          -0.0000           1.0000           0.0000           0.0000           0.0000           0.0000
           0.0000           0.0000           0.0000           0.0000           1.0000           0.0000           0.0000           0.0000
           0.0000           0.0000           0.0000           0.0000          -0.0000           1.0000           0.0000           0.0000
           0.0000           0.0000           0.0000           0.0000           0.0000           0.0000           1.0000           0.0000
           0.0000           0.0000           0.0000           0.0000           0.0000           0.0000          -0.0000           1.0000

Vetor de forças do elemento 3 (global):

Festr após computar a contribuição das cargas aplicadas nos nós:
           0.0000
           0.0000
           0.0000
           0.0000
           0.0000
           0.0000
           0.0000
           0.0000
           0.0000
           1.0800
           0.0000
           1.0800
           0.0000
           0.0000
           0.0000
           0.0800
           0.0000
           0.0800
           0.0000
           0.0000
           0.0000

Graus de liberdade do elemento 3:
  6  7  10  11  12  13  8  9

Vetor de forças da estrutura após computar a contribuição do elemento 3:
           0.0000
           0.0000
           0.0000
           0.0000
           0.0000
           0.0000
           0.0000
           0.0000
           0.0000
           1.0800
           0.0000
           1.0800
           0.0000

Deslocamentos Nodais:
Nó      Ux         Uy
  1           0.0000e+00           8.6400e-08
  2           0.0000e+00           0.0000e+00
  3           4.3200e-07           8.6400e-08
  4           4.3200e-07          -2.2979e-22
  5           8.6400e-07           8.6400e-08
  6           8.6400e-07          -4.4404e-22
  7           1.2960e-06           8.6400e-08
  8           1.2960e-06          -2.2385e-22

Cálculo dos esforços
**********************
E =   25000000.0000
nu =          0.2000
t =          0.2000
a =          0.2000
b =          0.2000

Forças de extremidade do elemento 1 sem cargas equivalentes:

          -1.0800
           0.0000
           1.0800
          -0.0000
           1.0800
          -0.0000
          -1.0800
          -0.0000

Forças de extremidade do elemento 1 com forças equivalentes nodais (Fel):
          -1.0800
           0.0000
           1.0800
          -0.0000
           1.0800
          -0.0000
          -1.0800
          -0.0000
E =   25000000.0000
nu =          0.2000
t =          0.2000
a =          0.2000
b =          0.2000

Forças de extremidade do elemento 2 sem cargas equivalentes:

          -1.0800
          -0.0000
           1.0800
          -0.0000
           1.0800
           0.0000
          -1.0800
           0.0000

Forças de extremidade do elemento 2 com forças equivalentes nodais (Fel):
          -1.0800
          -0.0000
           1.0800
          -0.0000
           1.0800
           0.0000
          -1.0800
           0.0000
E =   25000000.0000
nu =          0.2000
t =          0.2000
a =          0.2000
b =          0.2000
Carregamento no Sistema Local: 
qx_1 =          0.0000    qy_1 =          0.0000
qx_2 =          0.0000    qy_2 =          0.0000
qx_3 =          0.0000    qy_3 =          0.0000
qx_4 =          0.0000    qy_4 =          0.0000

Forças de extremidade do elemento 3 sem cargas equivalentes:

          -1.0800
          -0.0000
           1.0800
          -0.0000
           1.0800
           0.0000
          -1.0800
           0.0000

Forças de extremidade do elemento 3 com forças equivalentes nodais (Fel):
          -1.0800
          -0.0000
           1.0800
          -0.0000
           1.0800
           0.0000
          -1.0800
           0.0000


Esforços solicitantes da estrutura:

--->> No elemento 1:
Deformações: 
        Epsilon x        Epsilon y        Gama xy
       1.08000e-06      -2.16000e-07      -7.54804e-23
Tensões: 
         Sigma x        Sigma y        Tau xy
       2.70000e+01             00000      -7.86254e-16

--->> No elemento 2:
Deformações: 
        Epsilon x        Epsilon y        Gama xy
       1.08000e-06      -2.16000e-07      -1.36278e-22
Tensões: 
         Sigma x        Sigma y        Tau xy
       2.70000e+01       1.77636e-15      -1.41956e-15

--->> No elemento 3:
Deformações: 
        Epsilon x        Epsilon y        Gama xy
       1.08000e-06      -2.16000e-07      -2.91984e-22
Tensões: 
         Sigma x        Sigma y        Tau xy
       2.70000e+01      -2.66454e-15      -3.04150e-15
